1
-1
2
21
-1
13
-1
13
-1
-1
13
10
23
-1
-1
9
-1
9
9
9
9
9
9
9
19
23
9
23
13
-1
0
1
31
31
7
26
7
26
26
16
-1
20
20
26
12
7
26
4
16
-1
-1
28
0
1
26
1
26
26
26
-1
26
26
12
26
25
-1
26
1
18
26
-1
25
26
26
14
26
11
11
-1
1
10
16
16
1
11
14
29
29
20
26
14
26
26
26
25
26
26
26
25
25
24
-1
-1
-1
26
26
26
26
-1
26
11
0
1
26
-1
26
26
5
25
-1
14
26
5
5
4
-1
-1
5
5
5
5
5
22
14
26
-1
26
-1
25
28
28
-1
27
27
27
27
27
27
27
28
28
28
-1
28
17
28
28
28
28
28
28
28
28
0
28
28
28
28
28
28
28
28
28
28
28
1
26
-1
5
1
-1
-1
-1
-1
5
-1
0
1
-1
13
26
16
11
-1
11
11
2
14
12
2
13
26
-1
2
24
24
9
9
19
-1
-1
-1
24
23
24
24
-1
-1
19
19
24
24
24
-1
-1
24
23
23
24
24
-1
23
23
23
7
-1
0
1
26
4
27
27
27
27
27
27
4
4
-1
31
31
-1
32
-1
-1
31
28
28
-1
18
28
28
5
-1
4
28
28
28
28
27
28
28
28
28
27
28
-1
-1
28
31
31
28
28
28
28
31
28
28
28
28
28
28
28
28
-1
28
28
28
28
28
28
28
28
28
28
27
27
-1
27
27
0
1
-1
26
26
-1
-1
-1
-1
26
11
-1
14
26
11
11
-1
11
-1
26
11
26
-1
-1
-1
26
16
7
16
12
-1
28
4
-1
-1
13
-1
-1
10
10
10
10
10
10
10
10
10
10
26
-1
11
16
0
1
7
1
-1
-1
7
28
-1
7
-1
7
26
-1
21
16
7
6
6
6
7
6
6
16
6
7
7
7
7
7
7
7
7
7
7
16
-1
0
1
26
26
26
26
-1
-1
-1
26
29
-1
31
-1
-1
-1
26
14
-1
26
16
2
-1
2
26
26
2
19
13
19
-1
24
24
24
24
-1
13
13
9
19
19
19
23
23
23
23
-1
-1
-1
-1
-1
26
26
2
-1
26
-1
0
1
-1
-1
-1
2
-1
3
-1
3
3
2
-1
3
14
3
8
14
-1
6
-1
16
-1
-1
25
16
17
29
29
16
-1
15
-1
16
29
17
3
-1
-1
16
16
-1
26
16
11
-1
26
30
26
-1
31
22
-1
-1
-1
-1
31
28
22
-1
8
16
-1
2
32
32
1
22
15
22
-1
0
1
26
30
26
8
26
26
29
-1
26
-1
29
29
29
29
29
15
15
15
15
29
29
29
29
29
29
32
29
26
30
29
32
31
-1
15
29
29
0
1
25
25
-1
-1
22
30
30
16
-1
3
30
-1
16
30
12
-1
32
-1
32
25
25
-1
29
18
25
22
22
32
32
32
7
31
16
26
25
25
25
12
-1
26
18
25
31
12
31
30
-1
31
30
25
31
18
18
0
1
8
8
8
8
8
-1
8
11
25
8
26
26
25
26
8
26
29
20
25
18
-1
8
17
17
-1
17
26
20
17
-1
26
17
26
17
17
17
17
17
17
17
17
17
17
17
17
17
17
17
17
26
-1
20
20
12
21
21
17
-1
26
17
26
20
-1
26
26
26
6
-1
16
-1
16
26
-1
-1
-1
-1
26
17
15
21
-1
21
21
21
21
21
-1
17
28
4
26
6
21
18
17
26
17
-1
17
17
17
17
17
