1
10
5
9
-1
7
18
7
7
3
7
7
16
3
7
15
-1
15
15
15
15
15
-1
15
-1
16
15
-1
7
7
0
1
46
46
-1
39
11
40
-1
19
19
9
9
-1
20
-1
40
12
19
-1
12
49
0
1
44
1
41
40
39
-1
44
40
20
40
-1
-1
39
1
32
39
-1
34
-1
44
27
37
24
24
26
1
4
19
19
1
24
27
43
43
9
-1
27
35
35
35
35
35
35
35
35
35
18
-1
26
-1
31
31
31
31
26
44
24
0
1
45
-1
-1
45
12
34
36
27
39
12
12
12
-1
-1
12
12
12
12
12
28
27
39
-1
39
-1
-1
51
-1
3
33
33
33
33
33
33
33
50
50
50
-1
50
-1
49
-1
-1
51
50
51
-1
52
0
51
52
51
-1
54
49
51
53
51
52
54
1
45
-1
12
1
-1
-1
-1
-1
12
-1
0
1
10
7
44
27
24
-1
24
24
5
27
20
5
7
45
-1
5
18
18
15
15
-1
-1
-1
-1
18
17
18
18
-1
15
13
13
18
18
18
10
-1
17
17
17
17
17
-1
16
16
-1
11
10
0
1
-1
12
33
33
33
33
33
33
12
11
-1
38
38
26
47
-1
-1
38
55
55
-1
32
49
54
12
-1
12
54
53
54
53
33
-1
-1
55
-1
33
53
-1
-1
52
38
38
-1
-1
52
51
38
54
-1
51
52
54
54
54
53
-1
-1
-1
53
55
55
55
55
49
55
53
33
33
-1
33
33
0
1
3
41
-1
-1
-1
-1
-1
44
24
9
27
37
24
24
-1
24
-1
45
24
39
-1
-1
-1
41
30
-1
30
20
36
-1
12
3
-1
7
-1
3
4
4
4
4
4
4
4
4
4
4
-1
17
24
30
0
1
11
1
-1
-1
11
49
9
11
-1
11
-1
9
9
30
11
8
8
8
11
8
8
8
8
11
11
11
11
11
11
11
11
11
11
29
-1
0
1
44
44
44
44
29
3
-1
40
42
-1
46
-1
43
-1
44
27
-1
37
29
5
-1
5
-1
-1
5
13
7
-1
7
-1
-1
18
-1
-1
7
7
-1
13
13
13
16
16
16
16
6
6
6
6
10
35
44
5
29
-1
10
0
1
-1
-1
-1
5
-1
14
-1
14
14
5
-1
14
25
14
24
27
-1
8
-1
30
5
-1
34
30
22
-1
-1
30
19
36
-1
30
42
21
-1
-1
46
19
-1
46
35
19
24
-1
-1
43
31
36
46
28
-1
46
-1
46
38
49
28
-1
24
19
-1
5
47
-1
1
28
36
28
36
0
1
-1
48
41
24
-1
45
43
-1
41
-1
43
43
43
43
43
-1
36
36
36
43
43
43
43
43
43
47
43
-1
-1
43
48
-1
-1
36
43
43
0
1
34
34
-1
25
-1
-1
-1
30
-1
-1
-1
-1
29
42
20
-1
48
25
47
-1
34
-1
-1
32
-1
28
28
47
47
47
11
46
-1
-1
34
34
-1
20
46
-1
32
34
46
20
48
42
46
-1
48
34
-1
-1
-1
0
1
2
2
2
2
2
2
2
24
34
2
39
39
34
39
2
41
42
9
-1
32
-1
2
23
23
-1
23
37
9
-1
-1
-1
23
39
23
23
23
22
22
22
23
23
21
21
22
21
21
22
21
22
39
12
9
9
20
9
9
-1
9
-1
22
41
9
-1
41
40
37
-1
-1
19
-1
-1
-1
-1
26
6
26
-1
23
36
9
11
9
25
25
25
25
-1
-1
-1
12
-1
8
9
32
-1
44
-1
-1
21
23
23
-1
